ASC = 0.9166296171715822
B1 = 0.7499660365372256
B2 = -0.31645076083495866
