ASC = 0.5923121694251359
B1 = 0.8754090301526921
B2 = -0.3636693007676895
